40.3716235135 -3.75583943426
40.9400768205 29.0020852813
51.5389788245 -0.161595693795
52.3630354828 13.2539598276
55.7697641991 37.5998763726
41.9015185051 12.3190958107
48.7839006753 7.52259673112
37.2327641104 35.4951853318
52.7713494933 20.6116995136
48.8033729611 2.26471437694
41.9414552632 -8.41790580827
56.0728720044 -3.63072539552
44.8925224085 0.507597256097
38.489490893 27.0911709056
50.7227785687 3.61931000891
40.2095202427 32.7242258963
49.5608636746 15.7608275947
39.9612716348 39.7211467652
53.4341052237 -1.87919668882
53.4280812096 -6.94185948012
56.7617643478 24.3467522609
45.1198254574 8.73104673502
37.2228372835 31.1880467006
37.0953621663 -4.18279388373
39.4187261015 -0.248348865153
52.2433416648 7.87075609591
45.9582299342 39.3640370395
56.727133068 12.7712440432
40.9514308582 36.5356419152
48.10602863 -1.5640905451
45.0804663884 5.08623403821
39.875051489 15.2001714286
45.0758381056 20.785266739
51.8014390597 38.5567004521
41.5737444718 2.09150796775
42.7163308138 -2.01628273103
51.3619998832 -2.99027802548
48.5777334131 11.481980517
38.0022491762 -1.11159212511
52.0108394492 5.10251907901
37.4150084845 -6.19577424395
40.3305075586 30.2853137412
42.5330395084 -5.15421953428
44.8546488612 11.6732175453
38.9221756896 -8.93356039566
48.9137809498 19.3779087336
37.6312444611 28.4679304102
38.7385455672 22.9211802669
38.8402747755 3.04786293878
41.2016922236 26.9821199878
