40.8829041648 29.1516028819
47.2824054806 -0.966059450338
55.3796684206 37.6939344503
51.4227591707 5.60120733466
41.29191512 -3.8274723087
41.1099740941 38.5056783343
48.2428449597 18.7012745601
46.0443120644 7.91410080808
55.4295086245 23.0787786319
37.2746209831 -4.4746268056
53.295022381 -6.76479680491
53.659940521 -2.46832707017
38.6210737599 33.8783677753
51.5900686047 -0.376981362579
42.692309039 12.7496930461
38.1684396078 27.75761794
49.1245491871 2.48811731585
40.8110844311 1.27976071101
40.3058407187 -8.48435618894
53.7580166251 12.6942929988
