41.0318280109 13.585797802
39.2065542609 31.8969397274
51.538613664 -0.166166643336
41.1004775034 -3.62516460906
55.4479152078 37.7080465969
51.7679949122 5.20614969954
40.9267698086 29.0224017
51.8393711519 19.8257471849
41.5811296846 1.83454392366
53.4308530847 -1.88623321767
49.1819028608 2.45466456939
40.5262527414 38.3447904624
45.0822636317 10.4088139667
45.7467522131 20.1986691448
56.0356111525 12.0313095749
42.3069883172 -7.75301410412
50.2995581813 13.688985851
53.4292415973 -6.94166091759
38.3801811335 27.2337847209
56.7300163903 24.1830893035
37.2525028402 35.5615137076
49.1078336458 7.76561301994
44.9910046054 5.60668910302
47.1794980974 -0.716581637284
56.0728720044 -3.63072539552
51.1911284598 -3.01190294237
38.5566588098 -0.604703041381
38.9877935106 -8.60434871564
37.1825961428 -5.09124808096
46.3941808701 39.1134874255
