38.5600811789 -0.598143108288
40.9514308582 36.5356419152
51.9942835372 5.63807734625
40.9809575824 28.8853217563
51.5386805455 -0.160402809586
55.3813173202 37.6929846537
45.93762793 20.2192408172
45.3034183426 8.92004035708
38.869068847 -8.60419334812
56.0726619722 -3.6302532664
56.6951406444 24.3102117581
38.5188670222 26.9912138427
48.8278694116 2.30873573978
40.3562834942 -3.75945819318
52.2080164155 13.1683361075
37.3057088936 30.0955113057
39.9477067361 32.6982655955
41.5134362236 2.12882139085
37.2254764895 35.4463282149
44.9467705277 5.30028136409
37.1182482547 -5.09159805633
44.8820262698 11.6633440466
53.4292415973 -6.94166091759
53.430816828 -1.88603002813
41.9526015326 -8.42434015137
48.927878 7.6319188
39.9612716348 39.7211467652
47.6322021201 -0.841251139291
42.5351750516 -5.14912768318
51.8408707918 19.8717988726
50.920236242 3.76007888651
51.2307303062 -3.01771574065
39.3792777126 16.0281298534
55.2334855225 10.849285143
43.092216075 -1.7026905336
45.9707893701 39.3666629921
40.3877435657 30.2596995638
57.3546436449 14.424834499
48.8463411884 14.0377868207
41.6765539206 12.6775796526
